0 29 china POLY_ID
1 2         591.086353
1 25         529.271248
1 8         568.094586
1 23         495.705916
1 20         547.182259
1 10         258.526636
1 15         305.309611
1 12         445.883625
1 11         302.064774
1 5         634.681517
1 3         404.864632
1 14          153.73961
1 21           323.1845
1 22         246.977737
1 29          253.73435
2 1         591.086353
2 13         307.651758
2 23         289.972897
2 20         546.177532
2 18         596.311176
2 10         464.887504
2 8         23.0922102
2 14         534.941785
2 16         555.312366
2 17         333.709257
2 21         287.524258
2 25         77.6387817
3 10         609.528277
3 1         404.864632
3 15         176.809355
3 12         405.496292
3 11         491.973127
3 6         604.440662
3 5         345.616489
3 14         494.400766
3 22         417.624463
3 29         251.750207
4 19         323.795722
4 18         273.249976
4 20         465.010517
4 23         613.836262
4 24         523.029866
5 1         634.681517
5 3         345.616489
5 12         313.302054
5 11         536.295714
5 7         479.485543
5 6         300.850352
5 15         332.083838
5 29         580.330908
6 3         604.440662
6 5         300.850352
6 7          237.84416
6 28         470.177809
6 24         571.655888
6 11         541.687424
6 12         319.077695
6 15         512.987944
7 5         479.485543
7 6          237.84416
7 28         361.789618
7 24         335.058099
7 10         640.937952
7 11         439.680124
7 12         305.934596
7 15          555.60691
7 20         594.464583
8 1         568.094586
8 13         327.098563
8 2         23.0922102
8 23         276.206623
8 20         532.309478
8 18         590.068723
8 10         443.203231
8 11         662.752641
8 14         513.283396
8 16         566.544874
8 17         340.192279
8 21         266.048076
8 22         670.183203
8 25         61.8026602
9 17         494.135656
9 16         272.927469
10 1         258.526636
10 2         464.887504
10 3         609.528277
10 8         443.203231
10 23         267.213609
10 20         293.493713
10 18         492.875577
10 12         456.299506
10 11         219.738654
10 7         640.937952
10 24         648.131649
10 14         344.063208
10 15         457.757628
10 21         308.143258
10 22         490.888036
10 25         431.022741
10 29         509.846894
11 1         302.064774
11 3         491.973127
11 5         536.295714
11 8         662.752641
11 10         219.738654
11 23         459.376418
11 20         357.057646
11 18         570.621372
11 12         239.454693
11 7         439.680124
11 6         541.687424
11 24         532.231707
11 14          446.82531
11 15         317.083663
11 21         506.478819
11 22         542.570159
11 25         650.198243
11 29         490.216203
12 1         445.883625
12 3         405.496292
12 5         313.302054
12 10         456.299506
12 11         239.454693
12 20         557.981912
12 7         305.934596
12 6         319.077695
12 28           666.0495
12 24          546.97587
12 14         598.969993
12 15         250.813213
12 22         638.238475
12 29         525.553701
13 2         307.651758
13 8         327.098563
13 23          439.62472
13 20         645.785053
13 18         585.521137
13 16         661.052743
13 17         523.541071
13 21         591.310281
13 25         384.909134
14 2         534.941785
14 25         462.892948
14 21         247.483849
14 8         513.283396
14 1          153.73961
14 23         520.931792
14 20         635.371922
14 10         344.063208
14 15         435.874028
14 3         494.400766
14 12         598.969993
14 11          446.82531
14 17         602.992165
14 22         167.440391
14 29         274.305088
15 1         305.309611
15 3         176.809355
15 14         435.874028
15 20         672.067553
15 10         457.757628
15 12         250.813213
15 11         317.083663
15 7          555.60691
15 6         512.987944
15 5         332.083838
15 21         626.597093
15 22         422.773891
15 29         285.542138
16 9         272.927469
16 17         244.110335
16 2         555.312366
16 13         661.052743
16 25         544.407331
16 21         657.268698
16 8         566.544874
17 9         494.135656
17 16         244.110335
17 2         333.709257
17 13         523.541071
17 25         308.059511
17 21         415.943764
17 14         602.992165
17 8         340.192279
17 23         610.078526
18 2         596.311176
18 8         590.068723
18 10         492.875577
18 11         570.621372
18 13         585.521137
18 4         273.249976
18 24         499.462499
18 20         215.190385
18 21         679.597219
18 23         344.001779
18 25          631.15416
19 4         323.795722
19 27         525.351086
19 24         564.962468
20 1         547.182259
20 2         546.177532
20 8         532.309478
20 10         293.493713
20 11         357.057646
20 12         557.981912
20 13         645.785053
20 14         635.371922
20 15         672.067553
20 18         215.190385
20 4         465.010517
20 7         594.464583
20 24         451.845989
20 21          536.83247
20 23         256.234619
20 25         554.675706
21 14         247.483849
21 16         657.268698
21 17         415.943764
21 13         591.310281
21 2         287.524258
21 25         215.859199
21 8         266.048076
21 1           323.1845
21 23         340.475862
21 20          536.83247
21 18         679.597219
21 10         308.143258
21 15         626.597093
21 11         506.478819
21 22          405.20573
21 29          520.09606
22 10         490.888036
22 25         616.087444
22 21          405.20573
22 14         167.440391
22 8         670.183203
22 1         246.977737
22 29         166.276678
22 15         422.773891
22 3         417.624463
22 12         638.238475
22 11         542.570159
23 1         495.705916
23 2         289.972897
23 8         276.206623
23 10         267.213609
23 11         459.376418
23 13          439.62472
23 14         520.931792
23 17         610.078526
23 21         340.475862
23 20         256.234619
23 18         344.001779
23 4         613.836262
23 25         302.382905
24 6         571.655888
24 7         335.058099
24 10         648.131649
24 11         532.231707
24 12          546.97587
24 18         499.462499
24 20         451.845989
24 19         564.962468
24 4         523.029866
24 28         405.581979
25 1         529.271248
25 14         462.892948
25 16         544.407331
25 17         308.059511
25 21         215.859199
25 22         616.087444
25 13         384.909134
25 2         77.6387817
25 8         61.8026602
25 23         302.382905
25 20         554.675706
25 18          631.15416
25 10         431.022741
25 11         650.198243
26 27         685.193052
27 19         525.351086
27 26         685.193052
28 6         470.177809
28 7         361.789618
28 12           666.0495
28 24         405.581979
29 22         166.276678
29 10         509.846894
29 21          520.09606
29 14         274.305088
29 1          253.73435
29 15         285.542138
29 3         251.750207
29 12         525.553701
29 11         490.216203
29 5         580.330908
